mCurrentIter=60
mCounterStuck=10
mYPrev=0.03710479098
mParameters.n_iterations=60
mParameters.n_inner_iterations=500
mParameters.n_init_samples=5
mParameters.n_iter_relearn=1
mParameters.init_method=1
mParameters.surr_name=sGaussianProcess
mParameters.sigma_s=1
mParameters.noise=0.001536158
mParameters.alpha=1
mParameters.beta=1
mParameters.sc_type=SC_MAP
mParameters.l_type=L_MCMC
mParameters.l_all=0
mParameters.epsilon=0
mParameters.force_jump=20
mParameters.kernel.name=kMaternARD5
mParameters.kernel.hp_mean=[1](1)
mParameters.kernel.hp_std=[1](10)
mParameters.mean.name=mConst
mParameters.mean.coef_mean=[1](1)
mParameters.mean.coef_std=[1](1000)
mParameters.crit_name=cEI
mParameters.crit_params=[0]()
mY=[65](0.04415954153,0.1738572758,0.03621195489,0.03450795136,0.1726742136,0.05457283748,0.04761908032,0.05450498771,0.3965531192,0.0379561785,0.03745907927,0.05377422314,0.03945978367,0.05495684414,0.04115004997,0.172446275,0.04766372239,0.0547597463,0.0334725574,0.04723293046,0.03259329231,0.03211807527,0.04943596199,0.03353129785,0.03299777909,0.05477101101,0.04260817386,0.05440428148,0.03279158226,0.03246571437,0.03392679836,0.0323951625,0.3965531192,0.03348156366,0.04770182539,0.0374769684,0.05501982156,0.05469380946,0.05479266415,0.06660217044,0.04881873184,0.05425797116,0.04720133027,0.05475723978,0.04007172014,0.03712630231,0.04004558852,0.03739001044,0.05478068282,0.04757165738,0.05480197465,0.0547520314,0.05501414272,0.0478143144,0.03832714093,0.03807141651,0.06140607972,0.0369994787,0.05493561145,0.03761902349,0.04189548248,0.03695569453,0.03921433056,0.0386563118,0.03710479098)
mX=[65,10](0.428410876,0.7886574049,0.7214430414,0.4085689691,0.8959045039,0.2482768759,0.1566899287,0.3227022044,0.3801439297,0.8498627722,0.09102336452,0.007267447188,0.8148806734,0.2443686486,0.4438941649,0.4956303344,0.2863132103,0.4112503849,0.7879549067,0.1369143301,0.6305496525,0.5454687411,0.2327842462,0.1719298445,0.2642240933,0.1788184787,0.9729563653,0.01948030572,0.4060381863,0.6784338667,0.3152690406,0.3233116957,0.5857927883,0.6259975709,0.1763451152,0.7170676118,0.5962420404,0.8636359404,0.06664665774,0.5272578453,0.8752872607,0.9044669777,0.1325207677,0.8259825498,0.6558734697,0.9052799155,0.7351717992,0.7100100021,0.8693719936,0.3349905545,1,2.710505431e-20,1,6.776263578e-21,9.586034049e-23,0,3.388131789e-20,1,0,1,0.6201711553,7.184463916e-05,0.9999716768,0.999993084,8.880747857e-05,7.991380393e-05,0.9999833133,9.153838295e-05,8.216705436e-05,1,0.5679215634,0.999996683,6.189341888e-05,0.0001045082076,8.7888173e-05,9.170300183e-05,8.233133827e-05,0.0001296019446,6.235955645e-05,0.9999968052,1.990072877e-25,1,2.710505498e-20,1,1,1,1,2.483318391e-19,4.84115569e-22,5.729183632e-12,6.844566389e-05,5.783299124e-05,0.9999851381,8.724459936e-05,0.3278686705,0.9999891249,8.888789152e-05,0.9999764813,0.9999846449,0.7866360826,0.3707812606,7.834891207e-05,0.9999802862,8.801665217e-05,6.998587542e-05,0.9999995794,0.0001017739771,0.9999841138,0.9999910264,0.9999778049,8.407528251e-05,8.514845253e-05,0.3308572095,7.740173984e-05,0.5718586416,0.1162723151,9.000842698e-05,0.99999276,0.9999725696,0.9999901749,0.9999892469,0.0001130480094,0.9999814886,9.86750815e-05,0.0001329193288,0.6897809104,0.0001200639287,0.4971822441,0.9999544156,1,0.9999901987,0.3155791216,0.9999747762,8.096310643e-05,9.495320602e-05,8.41906098e-05,9.81884605e-05,0.9999843012,0.9999985417,0.781444873,9.627804927e-05,9.928013482e-05,0.9999769968,0.0001000035974,0.0001060602933,0.4789919592,0.0001210117116,0.3009998397,0.0001059661971,0.7671122437,7.099833933e-05,5.741670788e-05,9.251762028e-05,0.9999863257,8.667157961e-05,0.9999870946,0.999984565,9.078510758e-05,0.9999765143,0.7475392328,0.9999724669,6.174438048e-05,0.9999921435,0.4456530913,0.9999909092,8.379571197e-05,0.9999880545,0.9999791728,6.31667543e-05,1,0.9999954778,0.9999948385,0.5942213579,0.4526122418,0.0001141534866,8.836985129e-05,8.506695515e-05,0.9999842151,9.592538261e-05,0.9999910244,0.9999930913,8.075038162e-05,0.3899890279,9.177896587e-05,8.295084551e-05,0.5951856547,0.9999936824,0.4178039608,7.526696141e-05,0.9999942617,0.9106334857,0.9999932831,0.9999701701,0.0001080514744,0.4201417241,6.951243464e-05,0.9999572916,0.9999828312,6.781802202e-05,0.6534491486,0.9999688686,0.9999782506,0.6557880639,0.2098656747,0.999978909,0.9999919241,0.9999900318,0.9999852858,9.367633324e-05,1,0.9999797812,0.999998011,0.820117467,0.3573627892,0.9999919136,0.9999928623,0.9999846496,8.984439673e-05,9.16125893e-05,0.8527772721,0.9999881415,0.9999912598,0.9999776214,7.77796767e-05,0.549709367,8.861306748e-05,0.6204557572,9.608233324e-05,8.772560718e-05,0.9999883131,0.5269059169,0.9999837652,0.6389472384,8.510165923e-05,0.9999905386,0.569188807,0.9999772167,0.9999911805,8.782298803e-05,0.9999790567,0.0001084728669,6.407190525e-05,0.9999802672,7.35841011e-05,0.9999902756,0.9999939989,0.9999995008,9.316652255e-05,0.0001031983858,0.5545075173,0.9999946404,7.904736172e-05,0.9999853916,7.67012318e-05,0.9999818555,8.374500235e-05,0.0001019757453,0.9999739369,0.425408353,0.7806510069,7.195069337e-05,0.9999896594,0.4953979369,0.4178265016,0.9999916785,0.6132219659,8.63566357e-05,0.9999787969,9.176287811e-05,0.999990528,0.9999903178,0.9999927468,0.783884047,9.239756128e-05,0.7626186735,0.0001119924254,8.258523033e-05,9.782928598e-05,8.496077641e-05,0.7860621584,4.981168054e-21,1,1,0,0,1,1,1,0,1,5.985346655e-05,1,0.9999885213,0.5370213174,0.999979973,0.9999864966,0.9999901604,8.830220959e-05,9.22598807e-05,0.999995001,7.784560947e-05,6.464172323e-05,0.9999757754,0.3036149545,0.9999848691,0.9999911524,0.9999954773,9.737611219e-05,9.499355367e-05,0.9999999994,6.642969429e-05,0.9999875319,1,8.668151659e-05,8.003830097e-05,0.9999998368,0.9999792409,0.9999743592,8.850971082e-05,0.8032531454,2.066760391e-19,1,1,4.485914168e-20,1,1,1,4.065758147e-20,3.2187252e-20,1,0.9999987521,6.454911933e-05,0.9999557668,0.6819055448,0.08294911952,0.9780305301,0.9999787154,0.7838427138,9.805563971e-05,0.999997791,0.5958318857,8.150702487e-05,0.9999808495,0.5154399026,0.3230761791,7.37953856e-81,0.9999776673,3.944874549e-05,0.9999527618,0.999984047,0.1978713369,8.289410325e-05,0.9999824641,0.3183816241,8.605381129e-05,0.9999858468,8.002376619e-05,0.9999842782,7.688244637e-05,0.76404126,0.9999976474,8.233843098e-05,0.8237413057,7.337839871e-05,0.0001010828769,8.182489887e-05,8.125306338e-05,0.9999706887,9.34482591e-05,0.6769624749,0.2387765394,0.0001091410867,0.1739231433,0.6211600316,0.4686501405,0.5150086345,7.616576316e-05,0.9999892383,9.171167108e-05,0.9999897308,1,2.64697796e-23,0.6142581493,0.0001006564578,9.100199767e-05,0.0001009661481,0.0001222190155,0.587927619,0.7087754575,0.8820305462,0.872543231,9.387786994e-05,5.963111949e-19,0.2777940686,8.028508191e-05,0.0001085289963,7.115585693e-05,0.9999674464,0.0001124918272,0.7812699866,0.9999901129,8.714699968e-05,0.9999940819,0.4024217232,8.473659927e-05,9.088671458e-05,0.7743136465,0.9999892276,0.9999842481,0.8864536646,0.9999853259,9.583333443e-05,0.9999813421,8.629512961e-05,0.0001076216212,9.152611492e-05,8.58003307e-05,0.9999872218,0.0001065180826,0.5539624077,0.9999831206,0.9999926758,0.99997908,0.4288941156,8.19852371e-05,8.447780065e-05,0.9999869174,8.416894432e-05,8.972507896e-05,0.9999776437,0.5060994138,8.984650184e-05,0.7028486733,0.439574214,0.6930364111,7.904923351e-05,9.405693268e-05,0.9999564631,7.363770719e-05,0.7432731556,0.9999916682,0.6274096808,0.9999891418,0.9999806592,8.810213968e-05,0.6148619828,9.090437788e-05,0.9999802343,9.213500804e-05,0.7937602426,0.2518039301,0.9469948689,0.9999762773,0.6904349735,0.0001041490119,0.9999937455,0.0001041405016,0.9999741157,8.438663774e-05,1,0.9999462171,0.0001372308541,0.9999878427,0.6727600917,6.93975219e-05,0.9999294092,6.827799478e-05,0.9999991866,0.4845471002,0.9999896147,0.9999903074,9.902523615e-05,0.9999762122,0.4300073565,0.3545669983,0.9999849314,0.0001083409277,0.5719065965,0.9999904222,0.8403712106,0.9999917345,8.132417872e-05,0.6205437874,0.4075303429,8.750913213e-05,9.855497611e-05,7.654265801e-05,0.9999790624,0.9999866932,0.8462143935,0.9999702238,7.312607147e-05,0.999978087,1,6.945384021e-05,8.164722081e-05,0.9999751388,0.9999816886,0.0001037995172,0.7030019848,0.530142619,0.5885529229,0.9999811722,0.9999975844,0.0001444767004,9.241740926e-05,0.0001188029897,0.999976556,0.9999775797,0.6622625435,8.524557585e-05,8.458655576e-05,0.9999923781,9.152555556e-05,8.315156727e-05,8.638124011e-05,9.085423382e-05,0.9999793813,8.996587291e-05,0.5094973493,0.9999808774,0.4378578159,0.4780849149,0.999995905,8.318433385e-05,8.729028954e-05,8.776443017e-05,0.9999891054,9.204925944e-05,0.9999784139,0.9999909476,8.326814098e-05,0.4459995939,0.4435866383,8.360402374e-05,8.516890057e-05,0.9999797294,0.4417311406,8.864283617e-05,0.8458643649,0.8164771278,0.338557522,0.02598156291,0.9599888858,0.7384404694,0.5155239359,0.2822134548,0.9612633334,0.5676917681,0.7529376347,8.339972472e-05,8.316842552e-05,0.9999806103,0.2448309788,0.8555034272,0.999994772,8.658363221e-05,0.9999786713,8.663347668e-05,0.6197636945,1,8.892616037e-05,0.185393888,0.9999938094,7.865458366e-05,3.006082998e-05,8.039647752e-05,0.9999983532,0.9999836434,1,0.6739076736,0.9999792799,0.9999620916,8.474497272e-05,8.130219177e-05,0.9999993082,0.0001239339258,0.3880081751,8.458715379e-05,0.5661978738,0.9999846409,0.450175842,0.9999955363,0.9999791889,8.119694825e-05,8.772127453e-05,8.315140621e-05,0.9999894764,8.769239165e-05,0.795580317,0.9999790123,0.7860923167,0.3851863317,0.9999780762,0.9999964322,0.9999988842,9.803625447e-05,0.9999793244,0.0001047194486,0.8541680579,0.9999909983,9.054349884e-05,0.9999783601,0.9300752476,0.6535949207,0.4590905887,9.318495388e-05,0.9999785529,9.326718472e-05,0.8041851686,0.9999845565,0.999990713,0.999980194,0.1631708975,0.0001241112356,0.9999653189,0.0001658813376,0.5150658037,0.000167442698,0.629813563,0.9999862594,5.03280574e-05,0.7816351308,0.999993103,0.4604176014,0.9999810323,8.017844694e-05,0.9999888372,9.40240738e-05,0.7909782862,0.999977066,8.541972746e-05,0.7624016986,0.9999452721,0.0001402890246,0.9999897483,0.9999550563,0.9999597956,0.9999975516,0.7836739987,0.9999461605,0.9999971363,1,0.9999980922,8.175721394e-05,0.9999895436,6.940742672e-05,0.6432235701,9.273987791e-05,0.6685325135)
